"agegroup";"ag_10.x";"ag_10.y";"total"
1;136960;16;136976
2;501474;4726;506200
3;552315;27475;579790
4;503803;16612;520415
5;435090;8256;443346
6;296987;4297;301284
7;192643;1374;194017
8;86755;452;87207
9;30939;140;31079
10;6450;36;6486
